9.140648000433651532e+01
-8.998636041894094717e+01
2.249696177596966606e+01
2.122679867154974431e+02
1.835586412890341705e+02
2.500064108177708633e-01
-1.539987428456586258e+02
1.539937901206161541e+02
3.087683037839272515e+02
2.434758453519955594e+02
-6.515619296921811099e+01
1.823366851625440574e+02
5.981141911377403630e+01
4.280544213013361059e+02
3.549370710223523133e+02
1.269983544740069732e+02
3.691964628742822470e+02
2.063935798592277990e+02
1.629933990780089346e+02
3.738103229107684911e+01
1.208275249915026990e+02
1.420236865398595683e+02
1.689077590727826816e+02
1.941676848141201219e+02
-1.074411817122572899e+02
2.591285241913218442e+02
-8.096632666368188325e+01
-1.635186297613132069e+02
2.354895910056773971e+02
2.295927030896591816e+02
9.381710931457418212e+01
1.233450394893707767e+02
3.568266535522382128e+02
2.127602216684387884e+02
9.334604956644233198e+01
1.153453033602398961e+02
-6.166910265261036272e+01
-2.826378098148483673e+02
8.075747444817218934e+01
1.724989481467557368e+02
1.449035193212715456e+02
1.252909516780166257e+02
-1.317233043832126782e+02
2.178300409763541978e+01
2.194000056645176073e+02
7.391522065984682754e+00
-1.083550093071842326e+02
1.401802791420118126e+02
1.361930767565883684e+02
2.327968673329484659e+02
