1.770570782300505641e+02
4.396807016259700163e+00
-1.458915121519957552e+02
7.077900569691597354e+01
-9.007305908163667141e+01
-6.518583324325798856e+01
1.245044375943394144e+01
2.346876621433529522e+02
-1.053410703898751137e+02
-8.885184792026200284e+01
-1.298755791623306663e+02
-1.019722257365631535e+01
5.488613272104673513e+01
5.360965632200562325e+00
1.917841480393180689e+02
4.960558775720814850e+01
2.754958345850116075e+02
1.569349960233618901e+01
7.100769747467063553e+01
4.437295671284189069e+01
4.533719092346906621e+01
-4.793320872685293921e+01
-1.093578394804154641e+02
-3.034340915287884854e+02
-8.338203479952625230e+01
2.013165058340488827e+02
-3.753233351184591271e+01
-2.506123967883364116e+02
-3.143575410394398091e+02
2.938920200263610241e+02
9.109039498243795663e+01
4.638593199917710308e+01
-1.195787660174656111e+02
-7.728308362251547692e+01
1.167726867139847684e+02
5.763949290065476561e+01
2.429378607393230141e+02
2.466257576278200929e+02
4.323850811525974791e+02
-1.867328110321477936e+02
2.189653612318928140e+02
2.428816878593870570e+02
1.073346923505467920e+01
3.449049040944940430e+02
1.827442731025538194e+02
2.980066751680811308e+02
1.792721127520383106e+02
-7.935756951648471613e+01
5.330190050553504477e+01
1.830994912561176875e+02
