4.723341962572769859e+01
4.794290715507040090e+01
6.621604560130548123e+01
1.866695662197250556e+02
2.557284504348726273e+02
1.995481850887555808e+01
6.047269883528058187e+01
1.938850382256347018e+02
2.002667880142219587e+02
3.021631213876229367e+02
1.455522496211349903e+02
1.908023233444243658e+02
6.316675326150212300e+01
3.522329866017021800e+02
2.777700480023868863e+02
1.667735989847829217e+02
3.043378063315806799e+02
2.672354209485293381e+02
1.459291814295343954e+02
1.473442231367205864e+02
1.417800847039009966e+02
2.540566998130700682e+01
1.711478518136732987e+02
1.952280467982653249e+02
-5.946526642289325082e+01
1.355970034833547970e+02
6.226440810837992501e+01
-2.133642284012830359e+01
1.690174474427905409e+02
1.190323408111843690e+02
2.028871544288464861e+02
6.970720699195842940e+01
3.178978574489311768e+02
2.172534959422501117e+02
1.787397386216636974e+01
8.108122620396962077e+01
-9.063288301810922576e+01
-1.830827402011058780e+02
-2.136820077927962913e+01
1.474995990544552171e+02
1.659676091587188296e+02
1.194729144162144934e+02
-1.083803891360815044e+02
-6.994667266365125613e+01
2.451673588303405893e+02
-4.304304572238608273e+01
-1.115906914595922217e+02
5.015172312238771468e+01
4.031477732674628101e+01
1.720736381456766253e+02
