2.904303998245822171e+01
3.083833943909807829e+01
2.527118861613335099e+01
3.568003080998246901e+01
3.878434422301071294e+01
3.590077053245033056e+01
3.437848482287383689e+01
2.442160875094732830e+01
2.516823083163901842e+01
4.303660041147079340e+01
4.360557375567805138e+01
4.440160743795697584e+01
4.784778014481273090e+01
4.654917967979679361e+01
4.398540750808125921e+01
4.391264736048060513e+01
4.661735060891501092e+01
5.087620715972382612e+01
5.316542871196360664e+01
5.364800885969827959e+01
5.368875745328957549e+01
5.552846225181125561e+01
5.361477367443627884e+01
5.640237680997903169e+01
5.796371924281439902e+01
5.883359049003404095e+01
6.215781802933828004e+01
6.062247092608505739e+01
6.527440103298867768e+01
6.399603903822304574e+01
6.507101659306488273e+01
6.504205295714822910e+01
6.805446008638820388e+01
6.736519085807839247e+01
6.731894451131319101e+01
6.897578176429281882e+01
6.657615706462382832e+01
7.316337543342955030e+01
7.304110639251994996e+01
7.378350182529793244e+01
6.904056670240669291e+01
6.887680868466007666e+01
7.756951309498147396e+01
7.697212369520366337e+01
7.736939989971534715e+01
7.406332133162719344e+01
8.074078615935842151e+01
8.169216678011757438e+01
7.930073399190787597e+01
8.188567213769994169e+01
8.444103817908164444e+01
8.591795948199440147e+01
8.301270365490692882e+01
8.895140343590784937e+01
9.100515052568314900e+01
8.936857251219197451e+01
9.143285975293120771e+01
9.085367341239822281e+01
9.354902597110140050e+01
9.420192015912169836e+01
9.153904234358167002e+01
9.406026059297624897e+01
9.698147600063184370e+01
9.773413934222276112e+01
9.925783421084892666e+01
9.453197535989741596e+01
1.009763310673477150e+02
9.309842396771530559e+01
1.016838143798005518e+02
1.034993543566185679e+02
1.050935807633337618e+02
1.046908157129101085e+02
1.055569445901188175e+02
1.076356775157580188e+02
1.087386054194501384e+02
1.086928744488683236e+02
1.087116313020230933e+02
1.126428255486119099e+02
1.133670433278656304e+02
1.106195594638599857e+02
1.122983509315206589e+02
1.155326728516448753e+02
1.174335136433840461e+02
1.170507560335465485e+02
1.183864327588594136e+02
1.195960675763017775e+02
1.196877721783598503e+02
1.206061442107919390e+02
1.219650085829308210e+02
1.235023623653985823e+02
1.206233633264426146e+02
1.256945521345635086e+02
1.260397460450400615e+02
1.274539510281944388e+02
1.295217418319882938e+02
1.293913207632944022e+02
1.283574158828610621e+02
1.316656124081972052e+02
1.323005950988074630e+02
1.354638727321205920e+02
1.336987332376182565e+02
1.356398302387647448e+02
1.370292682266745885e+02
1.365333906905856622e+02
1.393122059923782672e+02
1.420587854524189027e+02
1.402131712134824113e+02
1.415676925639987473e+02
1.367903467330986587e+02
1.407754322521643928e+02
1.447760707527219779e+02
1.463857938781342796e+02
1.442984235353934821e+02
1.443948152477993006e+02
1.478113371016574149e+02
1.497229912227458328e+02
1.510557399437698791e+02
1.509146143227935397e+02
1.527401050145933539e+02
1.519247507263632997e+02
1.525428116009547068e+02
1.540436856191936670e+02
1.572963396917652119e+02
1.568572001789020192e+02
1.563894595242622074e+02
1.580101786621854956e+02
1.596218509929296943e+02
1.558818965927121383e+02
1.625019472792406248e+02
1.634765372021217900e+02
1.631881702718264648e+02
1.649044207022725743e+02
1.648852999689824230e+02
1.644609972686375841e+02
1.681302930936710140e+02
1.664191603923597995e+02
1.699407823402587212e+02
1.662473177443819736e+02
1.652478250264990720e+02
1.694333649804979416e+02
1.676392052383785369e+02
1.677053878647163856e+02
1.639333908816236089e+02
1.616754290304190533e+02
1.639064623073218741e+02
1.672933536228678122e+02
1.691666048854747544e+02
1.653884034921063915e+02
1.663042967062093282e+02
1.586874539191152849e+02
1.637247378046355948e+02
