2.844463105431093197e+01
2.574519815689178159e+01
3.478230694886482866e+01
3.154953792928900214e+01
3.383047241307573927e+01
4.586692153983850062e+01
3.561492305205928943e+01
3.775897910382371236e+01
3.701263014290708497e+01
4.273879056863916048e+01
2.510479783560989020e+01
4.666051828077011265e+01
4.490799453152123988e+01
5.106240869398925497e+01
4.509895217459614258e+01
4.957269220922168529e+01
4.936555529866539871e+01
5.436449540897750410e+01
5.214477216209926524e+01
5.327089220711508233e+01
5.326331090891632414e+01
5.024592153283589369e+01
5.312330372940260759e+01
5.900743397334476725e+01
5.363441727141802318e+01
6.607398237459051415e+01
5.757518937910844414e+01
6.356671830167715598e+01
6.165383991024003052e+01
6.356964658380343991e+01
6.486055077936104851e+01
6.469012185202782916e+01
6.319460702258784579e+01
6.372114917172696380e+01
6.738569777763272839e+01
6.999542221764454553e+01
7.196152848813362368e+01
7.311085975213875088e+01
6.780382489924549816e+01
7.553186251205474377e+01
7.625477359886001238e+01
7.253976227076896066e+01
7.396420824655955073e+01
7.861555809658300120e+01
8.106945799607511560e+01
8.301241491332200440e+01
8.142509948941014386e+01
8.113972778498532534e+01
8.333109381463638954e+01
8.230967694705452686e+01
8.486783646396649772e+01
8.662523590470759416e+01
7.798500692044822813e+01
8.322000191369890842e+01
9.063045939993705247e+01
9.169331259098923681e+01
9.131876709269258185e+01
9.211414000134510616e+01
8.537346806860207948e+01
9.447833620636589558e+01
9.386769696941108521e+01
9.884079331192079110e+01
9.602405627895316798e+01
9.987140541011802952e+01
9.835674725510480698e+01
9.785393699194159467e+01
9.532889641362945099e+01
9.920696317876935666e+01
1.066924841391894887e+02
9.977354521222180495e+01
1.036342919495415771e+02
1.000665569103446870e+02
1.087784574200485395e+02
1.057225794713576050e+02
1.053935567591760929e+02
1.120675416978101140e+02
1.101273756989436947e+02
1.118644640312403880e+02
1.075866635322894211e+02
1.152152638945189125e+02
1.157668475399602812e+02
1.187954942505808020e+02
1.167585263643553617e+02
1.230418319041752397e+02
1.188153412287376796e+02
1.192573320240535253e+02
1.186959297511278066e+02
1.231190982469885569e+02
1.269508212657771082e+02
1.238247208977393825e+02
1.250015504178957997e+02
1.269607387505947571e+02
1.300571636932587580e+02
1.281132060591085917e+02
1.285278802786070571e+02
1.250348764422825525e+02
1.282524586940417066e+02
1.306581658564138309e+02
1.340179321738866918e+02
1.276001877932790762e+02
1.319509304366494007e+02
1.350828345413164300e+02
1.354684957965596652e+02
1.291098109210641098e+02
1.377901312181143396e+02
1.403639019352951891e+02
1.428488934199044138e+02
1.415789990000218381e+02
1.398230515888394336e+02
1.423509271931055480e+02
1.437416951093852902e+02
1.408102771253364551e+02
1.497989283012398403e+02
1.493087023463368439e+02
1.466353251991492925e+02
1.503698880703276757e+02
1.534997024047337959e+02
1.477137547021700072e+02
1.485547600298706641e+02
1.489858216284976322e+02
1.575768736404895094e+02
1.551414666379172047e+02
1.605581270290925033e+02
1.649636191224489323e+02
1.582390007669870045e+02
1.590372778984351783e+02
1.608515701700238480e+02
1.606573992221857168e+02
1.657373751738638248e+02
1.595156404337217282e+02
1.585118758221149164e+02
1.699445174726417633e+02
1.659886567081626083e+02
1.672682449243745850e+02
1.674151723129691902e+02
1.655506077310807314e+02
1.688359247363152633e+02
1.672777421409539613e+02
1.649819164646481511e+02
1.698024494187077380e+02
1.666773179170919548e+02
1.683138455918449381e+02
1.627127346803201249e+02
1.689006378163688282e+02
1.673796481780911449e+02
1.414698073737573054e+02
1.601113148046902381e+02
1.612630437416220275e+02
1.085340610822924532e+02
5.004420408357285055e+01
9.133019537242888930e+01
