1.300420742799253482e+01
5.562367247414032789e+01
3.383298964881887638e+00
3.849887116934010756e+00
5.289325882929824196e+00
5.670545070066202342e+00
3.606986059153487467e+00
1.716019713920236995e+02
1.630660156575593476e+02
7.963665164000889973e+00
5.995741102487099461e+00
1.688810638270019524e+02
1.666036786521708848e+02
1.672079241850697997e+02
2.612058052795203267e+01
2.601475523077959195e+01
3.922511144590673382e+01
1.635593716476181498e+02
2.797752399884182495e+01
2.938485344416757172e+01
2.649353099416119406e+01
2.871125098037255796e+01
2.751744483266335806e+01
3.464230517028361334e+01
3.028771998066546800e+01
3.156122812671437927e+01
3.617078370714260416e+01
3.395040001098825400e+01
3.655698285747837417e+01
3.401078985191290371e+01
3.601568776857279630e+01
3.963061886313529669e+01
4.108006895258936453e+01
4.377912212918073465e+01
4.172412550897644934e+01
4.631989942861853393e+01
4.445353920214705568e+01
4.342249149524410257e+01
4.447554548180671219e+01
4.582666779820006298e+01
4.562597361817520181e+01
4.903989567894645063e+01
4.926433352050011649e+01
5.142497813254382066e+01
5.036521945135162781e+01
5.229823512415877218e+01
5.323550322028051340e+01
5.513876639162894122e+01
5.334980404752213445e+01
5.591579755177666300e+01
5.614176361278911997e+01
5.654006148458454817e+01
5.768801985212100192e+01
5.908626534387168050e+01
6.071880311447860379e+01
6.705653161572523402e+01
6.086969468138914863e+01
6.481388105567900482e+01
6.435767542747051095e+01
6.591700676663545266e+01
6.593387942096991594e+01
6.823318991894441865e+01
6.923764715916243517e+01
7.565311287431579501e+01
7.099079962547861555e+01
7.671331971394799609e+01
7.362345154753073473e+01
7.474403330404315682e+01
7.599467453508989934e+01
7.637992789259618576e+01
7.671434596031133424e+01
7.699314681504962721e+01
7.689598840243971267e+01
8.121230010200258675e+01
8.028897835968557217e+01
7.950816459303986505e+01
8.408669998381873256e+01
8.551265682441596994e+01
8.482623169127522544e+01
8.554962583453990987e+01
8.992627125546562183e+01
8.921672119655818278e+01
8.928952560388557913e+01
8.583305262580630313e+01
8.871791784326786967e+01
9.413245226263467202e+01
9.323685673323599588e+01
9.495674397722217464e+01
9.164821267473158173e+01
9.681898922762641746e+01
9.850683730297677698e+01
9.744400149483523421e+01
9.584972001992538537e+01
1.013476003365559563e+02
1.008769950234554500e+02
1.033680064104738392e+02
1.022891958555141514e+02
1.039908018137079893e+02
1.052544630250897910e+02
1.059820363429834771e+02
1.098325892495436591e+02
1.088838776171830744e+02
1.086535687172751352e+02
1.061686149640826216e+02
1.102330421277060992e+02
1.109540236849040440e+02
1.138513653981100191e+02
1.154470415891736224e+02
1.133092369806039414e+02
1.143456299455679215e+02
1.179618262351577442e+02
1.172781672148465191e+02
1.182312919365768380e+02
1.219968516358854060e+02
1.215922945207592818e+02
1.205707230668813850e+02
1.231600048270341290e+02
1.239224801066195454e+02
1.244605189098292328e+02
1.266333639507742390e+02
1.269810510998458142e+02
1.272046286328636739e+02
1.311319530982958668e+02
1.307910247442415255e+02
1.314753597973121657e+02
1.319631820123309183e+02
1.331953556802831713e+02
1.335120671328052140e+02
1.353423623838051526e+02
1.336044508469461789e+02
1.364503077646812983e+02
1.376225021385185130e+02
1.380976291939429359e+02
1.396595651714122255e+02
1.388626566205970789e+02
1.423504823814670885e+02
1.465339826708425335e+02
1.459394100284563081e+02
1.657288384254871971e+02
1.443439966526653961e+02
1.616496190796820542e+02
1.523929744231338077e+02
1.468547424704711659e+02
1.545412594895373388e+02
1.507369217897513636e+02
1.551431240393692690e+02
1.568523959232420282e+02
1.582926464806132856e+02
1.600192989989262173e+02
1.623500017800731428e+02
1.645117848983875604e+02
